2020-03-12 406.0
2020-03-12 245 65 5 315
2020-03-13 378.0
2020-03-13 260 51 4 315
2020-03-14 310.0
2020-03-14 274 38 3 315
2020-03-15 383.0
2020-03-15 282 32 1 315
2020-03-16 533.0
2020-03-16 286 26 3 315
2020-03-17 663.0
2020-03-17 286 26 3 315
2020-03-18 886.0
2020-03-18 292 20 3 315
2020-03-19 896.0
2020-03-19 265 27 23 315
2020-03-20 1042.0
2020-03-20 272 23 20 315
2020-03-21 1006.0
2020-03-21 288 13 14 315
2020-03-22 1181.0
2020-03-22 287 12 16 315
2020-03-23 1959.0
2020-03-23 293 7 15 315
2020-03-24 1978.0
2020-03-24 295 13 7 315
2020-03-25 2195.0
2020-03-25 298 12 5 315
2020-03-26 2521.0
2020-03-26 309 3 3 315
2020-03-27 2522.0
2020-03-27 312 2 1 315
2020-03-28 2320.0
2020-03-28 309 2 4 315
2020-03-29 2388.0
2020-03-29 309 1 5 315
2020-03-30 3413.0
2020-03-30 306 5 4 315
2020-03-31 3645.0
2020-03-31 308 2 5 315
2020-04-01 3991.0
2020-04-01 307 3 5 315
2020-04-02 3906.0
2020-04-02 307 4 4 315
2020-04-03 3881.0
2020-04-03 304 3 8 315
2020-04-04 3252.0
2020-04-04 298 4 13 315
2020-04-05 2995.0
2020-04-05 293 5 17 315
2020-04-06 4157.0
2020-04-06 283 5 27 315
2020-04-07 4352.0
2020-04-07 259 9 47 315
2020-04-08 4090.0
2020-04-08 245 6 64 315
2020-04-09 3896.0
2020-04-09 218 10 87 315
2020-04-10 3429.0
2020-04-10 187 17 111 315
2020-04-11 2906.0
2020-04-11 176 13 126 315
2020-04-12 2835.0
2020-04-12 174 5 136 315
2020-04-13 3273.0
2020-04-13 146 9 160 315
2020-04-14 3357.0
2020-04-14 117 9 189 315
2020-04-15 3929.0
2020-04-15 119 8 188 315
2020-04-16 4049.0
2020-04-16 120 7 188 315
2020-04-17 3814.0
2020-04-17 134 5 176 315
2020-04-18 3768.0
2020-04-18 156 8 151 315
2020-04-19 3215.0
2020-04-19 163 8 144 315
2020-04-20 3445.0
2020-04-20 182 4 129 315
2020-04-21 3782.0
2020-04-21 193 8 114 315
2020-04-22 4655.0
2020-04-22 203 9 103 315
2020-04-23 4418.0
2020-04-23 204 7 104 315
2020-04-24 4158.0
2020-04-24 197 1 117 315
2020-04-25 3237.0
2020-04-25 179 6 130 315
2020-04-26 2991.0
2020-04-26 163 4 148 315
2020-04-27 3953.0
2020-04-27 166 6 143 315
2020-04-28 3912.0
2020-04-28 172 2 141 315
2020-04-29 4621.0
2020-04-29 161 7 147 315
2020-04-30 4217.0
2020-04-30 147 6 162 315
2020-05-01 4016.0
2020-05-01 149 7 159 315
2020-05-02 2669.0
2020-05-02 137 7 171 315
2020-05-03 2533.0
2020-05-03 132 3 180 315
2020-05-04 2773.0
2020-05-04 119 8 188 315
2020-05-05 3062.0
2020-05-05 100 2 213 315
2020-05-06 3184.0
2020-05-06 72 5 238 315
2020-05-07 3114.0
2020-05-07 63 6 246 315
2020-05-08 2569.0
2020-05-08 43 5 267 315
2020-05-09 1765.0
2020-05-09 42 4 269 315
2020-05-10 1983.0
2020-05-10 45 5 265 315
2020-05-11 3020.0
2020-05-11 59 5 251 315
2020-05-12 2868.0
2020-05-12 66 6 243 315
2020-05-13 2812.0
2020-05-13 73 10 232 315
2020-05-14 2167.0
2020-05-14 76 6 233 315
2020-05-15 2090.0
2020-05-15 89 4 222 315
2020-05-16 1752.0
2020-05-16 101 8 206 315
2020-05-17 1569.0
2020-05-17 100 6 209 315
2020-05-18 2170.0
2020-05-18 90 10 215 315
2020-05-19 2541.0
2020-05-19 85 5 225 315
2020-05-20 2307.0
2020-05-20 72 3 240 315
2020-05-21 2234.0
2020-05-21 86 13 216 315
2020-05-22 1774.0
2020-05-22 100 8 207 315
2020-05-23 1290.0
2020-05-23 87 9 219 315
2020-05-24 1186.0
2020-05-24 84 11 220 315
2020-05-25 1361.0
2020-05-25 80 10 225 315
2020-05-26 1427.0
2020-05-26 63 10 242 315
2020-05-27 1595.0
2020-05-27 69 7 239 315
2020-05-28 1548.0
2020-05-28 59 9 247 315
2020-05-29 1351.0
2020-05-29 49 8 258 315
2020-05-30 984.0
2020-05-30 50 10 255 315
2020-05-31 982.0
2020-05-31 48 10 257 315
2020-06-01 1289.0
2020-06-01 56 12 247 315
2020-06-02 1333.0
2020-06-02 74 12 229 315
2020-06-03 1213.0
2020-06-03 91 10 214 315
2020-06-04 1132.0
2020-06-04 89 18 208 315
2020-06-05 1003.0
2020-06-05 95 12 208 315
2020-06-06 714.0
2020-06-06 88 17 210 315
2020-06-07 656.0
2020-06-07 84 15 216 315
2020-06-08 979.0
2020-06-08 72 17 226 315
2020-06-09 1043.0
2020-06-09 68 15 232 315
2020-06-10 1067.0
2020-06-10 77 16 222 315
2020-06-11 905.0
2020-06-11 75 18 222 315
2020-06-12 933.0
2020-06-12 84 17 214 315
2020-06-13 780.0
2020-06-13 92 14 209 315
2020-06-14 742.0
2020-06-14 95 17 203 315
2020-06-15 926.0
2020-06-15 105 28 182 315
2020-06-16 978.0
2020-06-16 110 23 182 315
2020-06-17 893.0
2020-06-17 117 18 180 315
2020-06-18 927.0
2020-06-18 118 18 179 315
2020-06-19 806.0
2020-06-19 123 19 173 315
2020-06-20 623.0
2020-06-20 107 28 180 315
2020-06-21 547.0
2020-06-21 96 29 190 315
2020-06-22 808.0
2020-06-22 84 29 202 315
2020-06-23 718.0
2020-06-23 85 33 197 315
2020-06-24 718.0
2020-06-24 90 29 196 315
2020-06-25 631.0
2020-06-25 85 32 198 315
2020-06-26 634.0
2020-06-26 83 35 197 315
2020-06-27 501.0
2020-06-27 88 34 193 315
2020-06-28 409.0
2020-06-28 89 39 187 315
2020-06-29 656.0
2020-06-29 100 30 185 315
2020-06-30 569.0
2020-06-30 107 31 177 315
2020-07-01 603.0
2020-07-01 102 38 175 315
2020-07-02 549.0
2020-07-02 111 35 169 315
2020-07-03 531.0
2020-07-03 114 37 164 315
2020-07-04 379.0
2020-07-04 114 33 168 315
2020-07-05 534.0
2020-07-05 120 35 160 315
2020-07-06 646.0
2020-07-06 123 41 151 315
2020-07-07 550.0
2020-07-07 131 35 149 315
2020-07-08 660.0
2020-07-08 138 39 138 315
2020-07-09 670.0
2020-07-09 146 34 135 315
2020-07-10 514.0
2020-07-10 147 45 123 315
2020-07-11 409.0
2020-07-11 148 41 126 315
2020-07-12 349.0
2020-07-12 134 34 147 315
2020-07-13 667.0
2020-07-13 134 38 143 315
2020-07-14 636.0
2020-07-14 146 28 141 315
2020-07-15 713.0
2020-07-15 138 32 145 315
2020-07-16 630.0
2020-07-16 129 41 145 315
2020-07-17 536.0
2020-07-17 133 34 148 315
2020-07-18 465.0
2020-07-18 143 34 138 315
2020-07-19 406.0
2020-07-19 152 37 126 315
2020-07-20 743.0
2020-07-20 155 34 126 315
2020-07-21 678.0
2020-07-21 158 38 119 315
2020-07-22 735.0
2020-07-22 165 32 118 315
2020-07-23 716.0
2020-07-23 165 38 112 315
2020-07-24 699.0
2020-07-24 167 46 102 315
2020-07-25 489.0
2020-07-25 158 38 119 315
2020-07-26 507.0
2020-07-26 166 34 115 315
2020-07-27 799.0
2020-07-27 148 40 127 315
2020-07-28 772.0
2020-07-28 151 33 131 315
2020-07-29 966.0
2020-07-29 171 35 109 315
2020-07-30 847.0
2020-07-30 167 37 111 315
2020-07-31 621.0
2020-07-31 148 32 135 315
2020-08-01 490.0
2020-08-01 150 27 138 315
2020-08-02 506.0
2020-08-02 151 27 137 315
2020-08-03 932.0
2020-08-03 152 30 133 315
2020-08-04 912.0
2020-08-04 156 30 129 315
2020-08-05 928.0
2020-08-05 134 38 143 315
2020-08-06 960.0
2020-08-06 144 35 136 315
2020-08-07 859.0
2020-08-07 147 38 130 315
2020-08-08 633.0
2020-08-08 158 35 122 315
2020-08-09 554.0
2020-08-09 165 32 118 315
2020-08-10 1327.0
2020-08-10 169 29 117 315
2020-08-11 1195.0
2020-08-11 168 34 113 315
2020-08-12 1087.0
2020-08-12 184 26 105 315
2020-08-13 1010.0
2020-08-13 186 20 109 315
2020-08-14 1030.0
2020-08-14 185 23 107 315
2020-08-15 637.0
2020-08-15 181 28 106 315
2020-08-16 526.0
2020-08-16 190 25 100 315
2020-08-17 1125.0
2020-08-17 186 21 108 315
2020-08-18 911.0
2020-08-18 183 18 114 315
2020-08-19 1057.0
2020-08-19 168 31 116 315
2020-08-20 1194.0
2020-08-20 172 21 122 315
2020-08-21 990.0
2020-08-21 145 25 145 315
2020-08-22 705.0
2020-08-22 155 20 140 315
2020-08-23 690.0
2020-08-23 159 16 140 315
2020-08-24 1106.0
2020-08-24 157 32 126 315
2020-08-25 1022.0
2020-08-25 178 18 119 315
2020-08-26 1120.0
2020-08-26 166 22 127 315
2020-08-27 1305.0
2020-08-27 164 21 130 315
2020-08-28 1347.0
2020-08-28 182 22 111 315
2020-08-29 1025.0
2020-08-29 176 25 114 315
2020-08-30 968.0
2020-08-30 186 16 113 315
2020-08-31 1251.0
2020-08-31 185 22 108 315
2020-09-01 1905.0
2020-09-01 204 22 89 315
2020-09-02 2589.0
2020-09-02 231 16 68 315
2020-09-03 2635.0
2020-09-03 254 11 50 315
2020-09-04 2560.0
2020-09-04 264 8 43 315
2020-09-05 2165.0
2020-09-05 256 7 52 315
2020-09-06 2039.0
2020-09-06 260 8 47 315
2020-09-07 3433.0
2020-09-07 279 4 32 315
2020-09-08 2971.0
2020-09-08 274 9 32 315
2020-09-09 2815.0
2020-09-09 259 10 46 315
2020-09-10 3050.0
2020-09-10 243 10 62 315
2020-09-11 2748.0
2020-09-11 225 9 81 315
2020-09-12 2170.0
2020-09-12 208 15 92 315
2020-09-13 1674.0
2020-09-13 190 9 116 315
2020-09-14 2820.0
2020-09-14 139 14 162 315
2020-09-15 2955.0
2020-09-15 108 10 197 315
2020-09-16 3668.0
2020-09-16 113 12 190 315
2020-09-17 3837.0
2020-09-17 118 14 183 315
2020-09-18 4165.0
2020-09-18 138 14 163 315
2020-09-19 4109.0
2020-09-19 165 13 137 315
2020-09-20 4568.0
2020-09-20 204 12 99 315
2020-09-21 4608.0
2020-09-21 225 11 79 315
2020-09-22 5256.0
2020-09-22 253 10 52 315
2020-09-23 5777.0
2020-09-23 263 9 43 315
2020-09-24 6196.0
2020-09-24 280 6 29 315
2020-09-25 5898.0
2020-09-25 280 3 32 315
2020-09-26 5567.0
2020-09-26 281 4 30 315
2020-09-27 5937.0
2020-09-27 270 4 41 315
2020-09-28 8408.0
2020-09-28 275 7 33 315
2020-09-29 8606.0
2020-09-29 271 9 35 315
2020-09-30 10411.0
2020-09-30 276 3 36 315
2020-10-01 11174.0
2020-10-01 283 5 27 315
2020-10-02 11480.0
2020-10-02 291 3 21 315
2020-10-03 9609.0
2020-10-03 297 1 17 315
2020-10-04 9786.0
2020-10-04 302 2 11 315
2020-10-05 13903.0
2020-10-05 302 2 11 315
2020-10-06 14159.0
2020-10-06 308 1 6 315
2020-10-07 15047.0
2020-10-07 307 0 8 315
2020-10-08 15130.0
2020-10-08 307 1 7 315
2020-10-09 12854.0
2020-10-09 309 1 5 315
2020-10-10 10067.0
2020-10-10 299 2 14 315
2020-10-11 9584.0
2020-10-11 293 2 20 315
2020-10-12 16029.0
2020-10-12 289 3 23 315
2020-10-13 15296.0
2020-10-13 271 2 42 315
2020-10-14 16230.0
2020-10-14 268 4 43 315
2020-10-15 15058.0
2020-10-15 252 4 59 315
2020-10-16 14369.0
2020-10-16 246 3 66 315
2020-10-17 12253.0
2020-10-17 253 3 59 315
2020-10-18 11759.0
2020-10-18 263 4 48 315
2020-10-19 21886.0
2020-10-19 273 4 38 315
2020-10-20 21142.0
2020-10-20 282 4 29 315
2020-10-21 21279.0
2020-10-21 292 0 23 315
2020-10-22 19431.0
2020-10-22 295 1 19 315
2020-10-23 17923.0
2020-10-23 293 2 20 315
2020-10-24 13425.0
2020-10-24 292 1 22 315
2020-10-25 13081.0
2020-10-25 291 2 22 315
2020-10-26 22570.0
2020-10-26 273 1 41 315
2020-10-27 20313.0
2020-10-27 250 1 64 315
2020-10-28 20062.0
2020-10-28 230 0 85 315
2020-10-29 19817.0
2020-10-29 216 1 98 315
2020-10-30 19499.0
2020-10-30 186 6 123 315
2020-10-31 14260.0
2020-10-31 187 3 125 315
2020-11-01 13290.0
2020-11-01 183 1 131 315
2020-11-02 27746.0
2020-11-02 195 3 117 315
2020-11-03 22145.0
2020-11-03 201 3 111 315
2020-11-04 20527.0
2020-11-04 219 3 93 315
2020-11-05 20697.0
2020-11-05 217 2 96 315
2020-11-06 20659.0
2020-11-06 219 5 91 315
2020-11-07 16535.0
2020-11-07 234 1 80 315
2020-11-08 17911.0
2020-11-08 247 0 68 315
2020-11-09 27959.0
2020-11-09 229 0 86 315
2020-11-10 24299.0
2020-11-10 238 1 76 315
2020-11-11 24497.0
2020-11-11 243 2 70 315
2020-11-12 21817.0
2020-11-12 240 1 74 315
2020-11-13 21510.0
2020-11-13 234 1 80 315
2020-11-14 15974.0
2020-11-14 234 2 79 315
2020-11-15 14154.0
2020-11-15 202 1 112 315
2020-11-16 23578.0
2020-11-16 170 2 143 315
2020-11-17 20160.0
2020-11-17 141 1 173 315
2020-11-18 18080.0
2020-11-18 97 1 217 315
2020-11-19 15411.0
2020-11-19 68 2 245 315
2020-11-20 14582.0
2020-11-20 42 0 273 315
2020-11-21 10557.0
2020-11-21 35 0 280 315
2020-11-22 9988.0
2020-11-22 28 3 284 315
2020-11-23 16113.0
2020-11-23 19 0 296 315
2020-11-24 13917.0
2020-11-24 20 0 295 315
2020-11-25 13847.0
2020-11-25 19 1 295 315
2020-11-26 12177.0
2020-11-26 22 1 292 315
2020-11-27 12145.0
2020-11-27 30 4 281 315
2020-11-28 9154.0
2020-11-28 36 0 279 315
2020-11-29 8853.0
2020-11-29 48 0 267 315
2020-11-30 14906.0
2020-11-30 66 3 246 315
2020-12-01 13394.0
2020-12-01 96 3 216 315
2020-12-02 13346.0
2020-12-02 106 1 208 315
2020-12-03 12430.0
2020-12-03 126 5 184 315
2020-12-04 12755.0
2020-12-04 134 6 175 315
2020-12-05 10073.0
2020-12-05 143 6 166 315
2020-12-06 10827.0
2020-12-06 166 3 146 315
2020-12-07 17252.0
2020-12-07 179 3 133 315
2020-12-08 16509.0
2020-12-08 196 2 117 315
2020-12-09 17318.0
2020-12-09 207 0 108 315
2020-12-10 18379.0
2020-12-10 222 2 91 315
2020-12-11 19740.0
2020-12-11 245 1 69 315
2020-12-12 15939.0
2020-12-12 259 1 55 315
2020-12-13 18032.0
2020-12-13 264 4 47 315
2020-12-14 29279.0
2020-12-14 283 2 30 315
2020-12-15 28886.0
2020-12-15 289 1 25 315
2020-12-16 29873.0
2020-12-16 292 0 23 315
2020-12-17 29355.0
2020-12-17 287 2 26 315
2020-12-18 31489.0
2020-12-18 285 2 28 315
2020-12-19 21498.0
2020-12-19 285 1 29 315
2020-12-20 28762.0
2020-12-20 292 0 23 315
2020-12-21 42179.0
2020-12-21 290 0 25 315
2020-12-22 40522.0
2020-12-22 290 1 24 315
2020-12-23 37247.0
2020-12-23 292 0 23 315
2020-12-24 28441.0
2020-12-24 281 0 34 315
2020-12-25 12626.0
2020-12-25 249 3 63 315
2020-12-26 36515.0
2020-12-26 255 1 59 315
2020-12-27 42215.0
2020-12-27 258 1 56 315
2020-12-28 39731.0
2020-12-28 242 0 73 315
2020-12-29 72092.0
2020-12-29 270 0 45 315
2020-12-30 62474.0
2020-12-30 291 0 24 315
2020-12-31 46377.0
2020-12-31 301 0 14 315
2021-01-01 28069.0
2021-01-01 309 2 4 315
2021-01-02 53914.0
2021-01-02 311 0 4 315
2021-01-03 49282.0
2021-01-03 309 0 6 315
2021-01-04 68628.0
2021-01-04 314 1 0 315
2021-01-05 57683.0
2021-01-05 303 0 12 315
2021-01-06 50915.0
2021-01-06 259 1 55 315
2021-01-07 46411.0
2021-01-07 230 3 82 315
2021-01-08 42006.0
2021-01-08 230 1 84 315
2021-01-09 35222.0
2021-01-09 161 0 154 315
2021-01-10 32660.0
2021-01-10 121 0 194 315
2021-01-11 51580.0
2021-01-11 46 0 269 315
2021-01-12 44289.0
2021-01-12 41 1 273 315
2021-01-13 40823.0
2021-01-13 36 0 279 315
2021-01-14 38189.0
2021-01-14 32 0 283 315
2021-01-15 36490.0
2021-01-15 15 0 300 315
2021-01-16 27457.0
2021-01-16 16 2 297 315
2021-01-17 26056.0
2021-01-17 28 2 285 315
2021-01-18 40401.0
2021-01-18 33 1 281 315
2021-01-19 35625.0
2021-01-19 34 1 280 315
2021-01-20 31495.0
2021-01-20 31 2 282 315
2021-01-21 28529.0
2021-01-21 29 1 285 315
2021-01-22 26674.0
2021-01-22 27 0 288 315
2021-01-23 19752.0
2021-01-23 19 0 296 315
2021-01-24 15371.0
2021-01-24 17 0 298 315
2021-01-25 26894.0
2021-01-25 11 0 304 315
2021-01-26 24246.0
2021-01-26 6 0 309 315
2021-01-27 23057.0
2021-01-27 3 0 312 315
2021-01-28 21678.0
2021-01-28 4 1 310 315
2021-01-29 19522.0
2021-01-29 6 0 309 315
2021-01-30 14888.0
2021-01-30 5 0 310 315
2021-01-31 13623.0
2021-01-31 8 0 307 315
2021-02-01 19963.0
2021-02-01 15 0 300 315
2021-02-02 17525.0
2021-02-02 18 0 297 315
2021-02-03 17281.0
2021-02-03 17 0 298 315
2021-02-04 16029.0
2021-02-04 12 0 303 315
2021-02-05 13839.0
2021-02-05 10 1 304 315
2021-02-06 10527.0
2021-02-06 11 0 304 315
2021-02-07 10090.0
2021-02-07 12 0 303 315
2021-02-08 13761.0
2021-02-08 9 1 305 315
2021-02-09 12145.0
2021-02-09 15 1 299 315
2021-02-10 11737.0
2021-02-10 12 3 300 315
2021-02-11 11150.0
2021-02-11 13 1 301 315
2021-02-12 10494.0
2021-02-12 19 0 296 315
2021-02-13 7696.0
2021-02-13 18 1 296 315
2021-02-14 7495.0
2021-02-14 13 2 300 315
2021-02-15 12382.0
2021-02-15 15 2 298 315
2021-02-16 10737.0
2021-02-16 27 3 285 315
2021-02-17 9933.0
2021-02-17 35 3 277 315
2021-02-18 9842.0
2021-02-18 47 1 267 315
2021-02-19 8813.0
2021-02-19 53 4 258 315
2021-02-20 6861.0
2021-02-20 54 1 260 315
2021-02-21 6765.0
2021-02-21 72 2 241 315
2021-02-22 9803.0
2021-02-22 53 4 258 315
2021-02-23 8092.0
2021-02-23 51 5 259 315
2021-02-24 7237.0
2021-02-24 42 3 270 315
2021-02-25 6565.0
2021-02-25 33 5 277 315
2021-02-26 5623.0
2021-02-26 19 3 293 315
2021-02-27 4067.0
2021-02-27 19 1 295 315
2021-02-28 3933.0
2021-02-28 12 5 298 315
2021-03-01 5852.0
2021-03-01 13 2 300 315
2021-03-02 5617.0
2021-03-02 12 2 301 315
2021-03-03 5067.0
2021-03-03 8 2 305 315
2021-03-04 4754.0
2021-03-04 6 2 307 315
2021-03-05 4515.0
2021-03-05 12 8 295 315
2021-03-06 3668.0
2021-03-06 18 3 294 315
2021-03-07 3511.0
2021-03-07 22 1 292 315
2021-03-08 5531.0
2021-03-08 39 5 271 315
2021-03-09 5186.0
2021-03-09 50 3 262 315
2021-03-10 4975.0
2021-03-10 72 8 235 315
2021-03-11 4649.0
2021-03-11 95 3 217 315
2021-03-12 4579.0
2021-03-12 108 10 197 315
2021-03-13 3430.0
2021-03-13 109 4 202 315
2021-03-14 3566.0
2021-03-14 116 10 189 315
2021-03-15 5397.0
2021-03-15 134 8 173 315
2021-03-16 4708.0
2021-03-16 143 9 163 315
2021-03-17 4809.0
2021-03-17 131 12 172 315
2021-03-18 4483.0
2021-03-18 132 13 170 315
2021-03-19 4106.0
2021-03-19 125 11 179 315
2021-03-20 3337.0
2021-03-20 115 7 193 315
2021-03-21 4488.0
2021-03-21 141 12 162 315
2021-03-22 5101.0
2021-03-22 136 8 171 315
2021-03-23 4280.0
2021-03-23 140 10 165 315
2021-03-24 5060.0
2021-03-24 146 5 164 315
2021-03-25 4386.0
2021-03-25 144 13 158 315
2021-03-26 3574.0
2021-03-26 146 6 163 315
2021-03-27 2911.0
2021-03-27 136 8 171 315
2021-03-28 4069.0
2021-03-28 114 11 190 315
2021-03-29 3152.0
2021-03-29 90 7 218 315
2021-03-30 2903.0
2021-03-30 78 8 229 315
2021-03-31 3095.0
2021-03-31 53 3 259 315
2021-04-01 2821.0
2021-04-01 43 5 267 315
2021-04-02 2095.0
2021-04-02 37 3 275 315
2021-04-03 1973.0
2021-04-03 28 3 284 315
2021-04-04 1900.0
2021-04-04 17 5 293 315
2021-04-05 2169.0
2021-04-05 17 2 296 315
2021-04-06 2541.0
2021-04-06 28 4 283 315
2021-04-07 2603.0
2021-04-07 30 6 279 315
2021-04-08 2499.0
2021-04-08 37 12 266 315
2021-04-09 2324.0
2021-04-09 62 8 245 315
2021-04-10 1889.0
2021-04-10 75 5 235 315
2021-04-11 1987.0
2021-04-11 113 12 190 315
2021-04-12 2359.0
2021-04-12 140 11 164 315
2021-04-13 1964.0
2021-04-13 131 13 171 315
2021-04-14 1983.0
2021-04-14 128 14 173 315
2021-04-15 1898.0
2021-04-15 118 13 184 315
2021-04-16 1831.0
2021-04-16 114 7 194 315
2021-04-17 1318.0
2021-04-17 106 10 199 315
2021-04-18 2275.0
2021-04-18 115 12 188 315
2021-04-19 2293.0
2021-04-19 112 16 187 315
2021-04-20 1949.0
2021-04-20 130 11 174 315
2021-04-21 2165.0
2021-04-21 137 9 169 315
2021-04-22 1851.0
2021-04-22 146 17 152 315
2021-04-23 1286.0
2021-04-23 149 11 155 315
2021-04-24 416.0
2021-04-24 137 11 167 315
